receptor_dirs = [ ...
    0.0 -0.52573111211913359 -0.85065080835203999;
    0.0 -0.52573111211913359 0.85065080835203999;
    0.0 0.52573111211913359 -0.85065080835203999;
    0.0 0.52573111211913359 0.85065080835203999;
    -0.52573111211913359 -0.85065080835203999 0.0;
    -0.52573111211913359 0.85065080835203999 0.0;
    0.52573111211913359 -0.85065080835203999 0.0;
    0.52573111211913359 0.85065080835203999 0.0;
    -0.85065080835203999 0.0 -0.52573111211913359;
    0.85065080835203999 0.0 -0.52573111211913359;
    -0.85065080835203999 0.0 0.52573111211913359;
    0.85065080835203999 0.0 0.52573111211913359;
    -0.80901699437494734 0.49999999999999994 0.3090169943749474;
    -0.99999999999999989 0.0 0.0;
    -0.80901699437494734 0.49999999999999994 -0.3090169943749474;
    -0.49999999999999994 0.3090169943749474 0.80901699437494734;
    0.0 0.0 0.99999999999999989;
    -0.49999999999999994 -0.3090169943749474 0.80901699437494734;
    -0.3090169943749474 0.80901699437494734 0.49999999999999994;
    0.3090169943749474 -0.80901699437494734 -0.49999999999999994;
    0.80901699437494734 -0.49999999999999994 -0.3090169943749474;
    0.49999999999999994 -0.3090169943749474 -0.80901699437494734;
    -0.3090169943749474 0.80901699437494734 -0.49999999999999994;
    -0.49999999999999994 0.3090169943749474 -0.80901699437494734;
    0.0 0.0 -0.99999999999999989;
    -0.49999999999999994 -0.3090169943749474 -0.80901699437494734;
    0.49999999999999994 0.3090169943749474 -0.80901699437494734;
    -0.3090169943749474 -0.80901699437494734 -0.49999999999999994;
    -0.80901699437494734 -0.49999999999999994 -0.3090169943749474;
    -0.80901699437494734 -0.49999999999999994 0.3090169943749474;
    -0.3090169943749474 -0.80901699437494734 0.49999999999999994;
    0.0 -0.99999999999999989 0.0;
    0.3090169943749474 -0.80901699437494734 0.49999999999999994;
    0.80901699437494734 -0.49999999999999994 0.3090169943749474;
    0.49999999999999994 -0.3090169943749474 0.80901699437494734;
    0.49999999999999994 0.3090169943749474 0.80901699437494734;
    0.99999999999999989 0.0 0.0;
    0.3090169943749474 0.80901699437494734 -0.49999999999999994;
    0.0 0.99999999999999989 0.0;
    0.3090169943749474 0.80901699437494734 0.49999999999999994;
    0.80901699437494734 0.49999999999999994 -0.3090169943749474;
    0.80901699437494734 0.49999999999999994 0.3090169943749474;];

edges = [ ...
    6 13;
    13 15;
    6 15;
    11 13;
    11 14;
    13 14;
    14 15;
    9 14;
    9 15;
    11 16;
    16 18;
    11 18;
    4 16;
    4 17;
    16 17;
    17 18;
    2 17;
    2 18;
    16 19;
    4 19;
    13 16;
    13 19;
    6 19;
    1 20;
    20 22;
    1 22;
    7 20;
    7 21;
    20 21;
    21 22;
    10 21;
    10 22;
    3 23;
    23 24;
    3 24;
    6 23;
    15 23;
    15 24;
    9 24;
    1 25;
    25 26;
    1 26;
    3 25;
    24 25;
    24 26;
    9 26;
    25 27;
    3 27;
    22 25;
    22 27;
    10 27;
    5 28;
    28 29;
    5 29;
    1 28;
    26 28;
    26 29;
    9 29;
    5 30;
    30 31;
    5 31;
    11 30;
    18 30;
    18 31;
    2 31;
    14 30;
    29 30;
    14 29;
    7 32;
    32 33;
    7 33;
    5 32;
    31 32;
    31 33;
    2 33;
    28 32;
    20 32;
    20 28;
    12 34;
    34 35;
    12 35;
    7 34;
    33 34;
    33 35;
    2 35;
    4 36;
    17 36;
    12 36;
    35 36;
    17 35;
    21 34;
    12 37;
    34 37;
    21 37;
    10 37;
    3 38;
    23 38;
    8 38;
    8 39;
    38 39;
    23 39;
    6 39;
    8 40;
    39 40;
    4 40;
    19 40;
    19 39;
    38 41;
    8 41;
    27 38;
    27 41;
    10 41;
    12 42;
    37 42;
    8 42;
    41 42;
    37 41;
    40 42;
    36 42;
    36 40;];

