receptor_dirs = [ ...
    0.0 -0.52573111211913359 -0.85065080835203999;
    0.0 -0.52573111211913359 0.85065080835203999;
    0.0 0.52573111211913359 -0.85065080835203999;
    0.0 0.52573111211913359 0.85065080835203999;
    -0.52573111211913359 -0.85065080835203999 0.0;
    -0.52573111211913359 0.85065080835203999 0.0;
    0.52573111211913359 -0.85065080835203999 0.0;
    0.52573111211913359 0.85065080835203999 0.0;
    -0.85065080835203999 0.0 -0.52573111211913359;
    0.85065080835203999 0.0 -0.52573111211913359;
    -0.85065080835203999 0.0 0.52573111211913359;
    0.85065080835203999 0.0 0.52573111211913359;
    -0.80901699437494734 0.49999999999999994 0.3090169943749474;
    -0.99999999999999989 0.0 0.0;
    -0.80901699437494734 0.49999999999999994 -0.3090169943749474;
    -0.49999999999999994 0.3090169943749474 0.80901699437494734;
    0.0 0.0 0.99999999999999989;
    -0.49999999999999994 -0.3090169943749474 0.80901699437494734;
    -0.3090169943749474 0.80901699437494734 0.49999999999999994;
    0.3090169943749474 -0.80901699437494734 -0.49999999999999994;
    0.80901699437494734 -0.49999999999999994 -0.3090169943749474;
    0.49999999999999994 -0.3090169943749474 -0.80901699437494734;
    -0.3090169943749474 0.80901699437494734 -0.49999999999999994;
    -0.49999999999999994 0.3090169943749474 -0.80901699437494734;
    0.0 0.0 -0.99999999999999989;
    -0.49999999999999994 -0.3090169943749474 -0.80901699437494734;
    0.49999999999999994 0.3090169943749474 -0.80901699437494734;
    -0.3090169943749474 -0.80901699437494734 -0.49999999999999994;
    -0.80901699437494734 -0.49999999999999994 -0.3090169943749474;
    -0.80901699437494734 -0.49999999999999994 0.3090169943749474;
    -0.3090169943749474 -0.80901699437494734 0.49999999999999994;
    0.0 -0.99999999999999989 0.0;
    0.3090169943749474 -0.80901699437494734 0.49999999999999994;
    0.80901699437494734 -0.49999999999999994 0.3090169943749474;
    0.49999999999999994 -0.3090169943749474 0.80901699437494734;
    0.49999999999999994 0.3090169943749474 0.80901699437494734;
    0.99999999999999989 0.0 0.0;
    0.3090169943749474 0.80901699437494734 -0.49999999999999994;
    0.0 0.99999999999999989 0.0;
    0.3090169943749474 0.80901699437494734 0.49999999999999994;
    0.80901699437494734 0.49999999999999994 -0.3090169943749474;
    0.80901699437494734 0.49999999999999994 0.3090169943749474;
    -0.6817183540715489 0.71656692241517872 0.14762090442216311;
    -0.85065080835203988 0.52573111211913359 0.0;
    -0.6817183540715489 0.71656692241517872 -0.14762090442216311;
    -0.86418782683734185 0.23885564080505958 0.44286271326648929;
    -0.95542256322023833 0.0 0.29524180884432621;
    -0.95105651629515353 0.2628655560595668 0.16245984811645314;
    -0.95105651629515353 0.2628655560595668 -0.16245984811645314;
    -0.95542256322023833 0.0 -0.29524180884432621;
    -0.86418782683734185 0.23885564080505958 -0.44286271326648929;
    -0.71656692241517872 0.14762090442216311 0.6817183540715489;
    -0.52573111211913359 0.0 0.85065080835203988;
    -0.71656692241517872 -0.14762090442216311 0.6817183540715489;
    -0.23885564080505958 0.44286271326648929 0.86418782683734185;
    0.0 0.29524180884432621 0.95542256322023833;
    -0.2628655560595668 0.16245984811645314 0.95105651629515353;
    -0.2628655560595668 -0.16245984811645314 0.95105651629515353;
    0.0 -0.29524180884432621 0.95542256322023833;
    -0.23885564080505958 -0.44286271326648929 0.86418782683734185;
    -0.42532540417601994 0.58778525229247303 0.68819096023558668;
    -0.14762090442216311 0.6817183540715489 0.71656692241517872;
    -0.68819096023558668 0.42532540417601994 0.58778525229247303;
    -0.58778525229247303 0.68819096023558668 0.42532540417601994;
    -0.44286271326648929 0.86418782683734185 0.23885564080505958;
    0.14762090442216311 -0.6817183540715489 -0.71656692241517872;
    0.42532540417601994 -0.58778525229247303 -0.68819096023558668;
    0.23885564080505958 -0.44286271326648929 -0.86418782683734185;
    0.44286271326648929 -0.86418782683734185 -0.23885564080505958;
    0.6817183540715489 -0.71656692241517872 -0.14762090442216311;
    0.58778525229247303 -0.68819096023558668 -0.42532540417601994;
    0.68819096023558668 -0.42532540417601994 -0.58778525229247303;
    0.86418782683734185 -0.23885564080505958 -0.44286271326648929;
    0.71656692241517872 -0.14762090442216311 -0.6817183540715489;
    -0.14762090442216311 0.6817183540715489 -0.71656692241517872;
    -0.42532540417601994 0.58778525229247303 -0.68819096023558668;
    -0.23885564080505958 0.44286271326648929 -0.86418782683734185;
    -0.44286271326648929 0.86418782683734185 -0.23885564080505958;
    -0.58778525229247303 0.68819096023558668 -0.42532540417601994;
    -0.68819096023558668 0.42532540417601994 -0.58778525229247303;
    -0.71656692241517872 0.14762090442216311 -0.6817183540715489;
    0.0 -0.29524180884432621 -0.95542256322023833;
    -0.2628655560595668 -0.16245984811645314 -0.95105651629515353;
    -0.23885564080505958 -0.44286271326648929 -0.86418782683734185;
    0.0 0.29524180884432621 -0.95542256322023833;
    -0.2628655560595668 0.16245984811645314 -0.95105651629515353;
    -0.52573111211913359 0.0 -0.85065080835203988;
    -0.71656692241517872 -0.14762090442216311 -0.6817183540715489;
    0.2628655560595668 0.16245984811645314 -0.95105651629515353;
    0.23885564080505958 0.44286271326648929 -0.86418782683734185;
    0.2628655560595668 -0.16245984811645314 -0.95105651629515353;
    0.52573111211913359 0.0 -0.85065080835203988;
    0.71656692241517872 0.14762090442216311 -0.6817183540715489;
    -0.44286271326648929 -0.86418782683734185 -0.23885564080505958;
    -0.58778525229247303 -0.68819096023558668 -0.42532540417601994;
    -0.6817183540715489 -0.71656692241517872 -0.14762090442216311;
    -0.14762090442216311 -0.6817183540715489 -0.71656692241517872;
    -0.42532540417601994 -0.58778525229247303 -0.68819096023558668;
    -0.68819096023558668 -0.42532540417601994 -0.58778525229247303;
    -0.86418782683734185 -0.23885564080505958 -0.44286271326648929;
    -0.6817183540715489 -0.71656692241517872 0.14762090442216311;
    -0.58778525229247303 -0.68819096023558668 0.42532540417601994;
    -0.44286271326648929 -0.86418782683734185 0.23885564080505958;
    -0.86418782683734185 -0.23885564080505958 0.44286271326648929;
    -0.68819096023558668 -0.42532540417601994 0.58778525229247303;
    -0.42532540417601994 -0.58778525229247303 0.68819096023558668;
    -0.14762090442216311 -0.6817183540715489 0.71656692241517872;
    -0.95105651629515353 -0.2628655560595668 0.16245984811645314;
    -0.85065080835203988 -0.52573111211913359 0.0;
    -0.95105651629515353 -0.2628655560595668 -0.16245984811645314;
    0.29524180884432621 -0.95542256322023833 0.0;
    0.16245984811645314 -0.95105651629515353 0.2628655560595668;
    0.44286271326648929 -0.86418782683734185 0.23885564080505958;
    -0.29524180884432621 -0.95542256322023833 0.0;
    -0.16245984811645314 -0.95105651629515353 0.2628655560595668;
    0.0 -0.85065080835203988 0.52573111211913359;
    0.14762090442216311 -0.6817183540715489 0.71656692241517872;
    -0.16245984811645314 -0.95105651629515353 -0.2628655560595668;
    0.16245984811645314 -0.95105651629515353 -0.2628655560595668;
    0.0 -0.85065080835203988 -0.52573111211913359;
    0.86418782683734185 -0.23885564080505958 0.44286271326648929;
    0.68819096023558668 -0.42532540417601994 0.58778525229247303;
    0.71656692241517872 -0.14762090442216311 0.6817183540715489;
    0.6817183540715489 -0.71656692241517872 0.14762090442216311;
    0.58778525229247303 -0.68819096023558668 0.42532540417601994;
    0.42532540417601994 -0.58778525229247303 0.68819096023558668;
    0.23885564080505958 -0.44286271326648929 0.86418782683734185;
    0.23885564080505958 0.44286271326648929 0.86418782683734185;
    0.2628655560595668 0.16245984811645314 0.95105651629515353;
    0.71656692241517872 0.14762090442216311 0.6817183540715489;
